NOWEAP|mauler|-|charge|core|0.000,0.700,0.000|0|0.00,0.00,0.00|Aluminum~beam|-0.250,0.700,0.150|0|0.00,0.00,0.00|Aluminum~beam|0.250,0.700,0.150|0|0.00,0.00,0.00|Aluminum~beam|0.000,0.700,-0.250|90|0.00,0.00,0.00|Aluminum~beam|-0.450,0.700,-0.150|270|0.00,0.00,0.00|Aluminum~beam|0.450,0.700,-0.150|270|0.00,0.00,0.00|Aluminum~beam|0.000,0.700,0.450|0|0.00,0.00,0.00|Aluminum~wheel|0.620,0.700,0.000|90|1.00,0.00,0.00|Rubber~wheel|-0.620,0.700,0.000|90|-1.00,0.00,0.00|Rubber~battery|0.000,0.975,0.000|0|0.00,0.00,0.00|Aluminum~beam|0.000,0.700,-0.650|0|0.00,0.00,0.00|Steel~wheel|0.170,0.700,-0.800|0|1.00,0.00,0.00|Rubber~wheel|-0.170,0.700,-0.800|0|-1.00,0.00,0.00|Rubber
@@
NOWEAP|ripper|-|charge|core|0.000,0.700,0.000|0|0.00,0.00,0.00|Aluminum~beam|-0.250,0.700,0.150|0|0.00,0.00,0.00|Aluminum~beam|0.250,0.700,0.150|0|0.00,0.00,0.00|Aluminum~beam|0.000,0.700,-0.250|90|0.00,0.00,0.00|Aluminum~beam|-0.450,0.700,-0.150|270|0.00,0.00,0.00|Aluminum~beam|0.450,0.700,-0.150|270|0.00,0.00,0.00|Aluminum~beam|0.000,0.700,0.450|0|0.00,0.00,0.00|Aluminum~wheel|0.620,0.700,0.000|90|1.00,0.00,0.00|Rubber~wheel|-0.620,0.700,0.000|90|-1.00,0.00,0.00|Rubber~battery|0.000,0.975,0.000|0|0.00,0.00,0.00|Aluminum~beam|0.000,0.700,-0.650|0|0.00,0.00,0.00|Steel~wheel|0.170,0.700,-0.800|0|1.00,0.00,0.00|Rubber~wheel|-0.170,0.700,-0.800|0|-1.00,0.00,0.00|Rubber
@@
NOWEAP|widowmaker|-|charge|core|0.000,0.700,0.000|0|0.00,0.00,0.00|Aluminum~beam|-0.250,0.700,0.150|0|0.00,0.00,0.00|Aluminum~beam|0.250,0.700,0.150|0|0.00,0.00,0.00|Aluminum~beam|0.000,0.700,-0.250|90|0.00,0.00,0.00|Aluminum~beam|-0.450,0.700,-0.150|270|0.00,0.00,0.00|Aluminum~beam|0.450,0.700,-0.150|270|0.00,0.00,0.00|Aluminum~beam|0.000,0.700,0.450|0|0.00,0.00,0.00|Aluminum~wheel|0.620,0.700,0.000|90|1.00,0.00,0.00|Rubber~wheel|-0.620,0.700,0.000|90|-1.00,0.00,0.00|Rubber~battery|0.000,0.975,0.000|0|0.00,0.00,0.00|Aluminum~beam|0.000,0.700,-0.650|0|0.00,0.00,0.00|Steel~wheel|0.170,0.700,-0.800|0|1.00,0.00,0.00|Rubber~wheel|-0.170,0.700,-0.800|0|-1.00,0.00,0.00|Rubber
@@
FIXSPIKE|mauler|-|charge|core|0.000,0.700,0.000|0|0.00,0.00,0.00|Aluminum~beam|-0.250,0.700,0.150|0|0.00,0.00,0.00|Aluminum~beam|0.250,0.700,0.150|0|0.00,0.00,0.00|Aluminum~beam|0.000,0.700,-0.250|90|0.00,0.00,0.00|Aluminum~beam|-0.450,0.700,-0.150|270|0.00,0.00,0.00|Aluminum~beam|0.450,0.700,-0.150|270|0.00,0.00,0.00|Aluminum~beam|0.000,0.700,0.450|0|0.00,0.00,0.00|Aluminum~wheel|0.620,0.700,0.000|90|1.00,0.00,0.00|Rubber~wheel|-0.620,0.700,0.000|90|-1.00,0.00,0.00|Rubber~battery|0.000,0.975,0.000|0|0.00,0.00,0.00|Aluminum~beam|0.000,0.700,-0.650|0|0.00,0.00,0.00|Steel~wheel|0.170,0.700,-0.800|0|1.00,0.00,0.00|Rubber~wheel|-0.170,0.700,-0.800|0|-1.00,0.00,0.00|Rubber~spike|0.000,0.700,0.900|0|0.00,0.00,1.00|Steel
@@
FIXSPIKE|ripper|-|charge|core|0.000,0.700,0.000|0|0.00,0.00,0.00|Aluminum~beam|-0.250,0.700,0.150|0|0.00,0.00,0.00|Aluminum~beam|0.250,0.700,0.150|0|0.00,0.00,0.00|Aluminum~beam|0.000,0.700,-0.250|90|0.00,0.00,0.00|Aluminum~beam|-0.450,0.700,-0.150|270|0.00,0.00,0.00|Aluminum~beam|0.450,0.700,-0.150|270|0.00,0.00,0.00|Aluminum~beam|0.000,0.700,0.450|0|0.00,0.00,0.00|Aluminum~wheel|0.620,0.700,0.000|90|1.00,0.00,0.00|Rubber~wheel|-0.620,0.700,0.000|90|-1.00,0.00,0.00|Rubber~battery|0.000,0.975,0.000|0|0.00,0.00,0.00|Aluminum~beam|0.000,0.700,-0.650|0|0.00,0.00,0.00|Steel~wheel|0.170,0.700,-0.800|0|1.00,0.00,0.00|Rubber~wheel|-0.170,0.700,-0.800|0|-1.00,0.00,0.00|Rubber~spike|0.000,0.700,0.900|0|0.00,0.00,1.00|Steel
@@
FIXSPIKE|widowmaker|-|charge|core|0.000,0.700,0.000|0|0.00,0.00,0.00|Aluminum~beam|-0.250,0.700,0.150|0|0.00,0.00,0.00|Aluminum~beam|0.250,0.700,0.150|0|0.00,0.00,0.00|Aluminum~beam|0.000,0.700,-0.250|90|0.00,0.00,0.00|Aluminum~beam|-0.450,0.700,-0.150|270|0.00,0.00,0.00|Aluminum~beam|0.450,0.700,-0.150|270|0.00,0.00,0.00|Aluminum~beam|0.000,0.700,0.450|0|0.00,0.00,0.00|Aluminum~wheel|0.620,0.700,0.000|90|1.00,0.00,0.00|Rubber~wheel|-0.620,0.700,0.000|90|-1.00,0.00,0.00|Rubber~battery|0.000,0.975,0.000|0|0.00,0.00,0.00|Aluminum~beam|0.000,0.700,-0.650|0|0.00,0.00,0.00|Steel~wheel|0.170,0.700,-0.800|0|1.00,0.00,0.00|Rubber~wheel|-0.170,0.700,-0.800|0|-1.00,0.00,0.00|Rubber~spike|0.000,0.700,0.900|0|0.00,0.00,1.00|Steel
@@
FLIPPER|mauler|-|charge|core|0.000,0.700,0.000|0|0.00,0.00,0.00|Aluminum~beam|-0.250,0.700,0.150|0|0.00,0.00,0.00|Aluminum~beam|0.250,0.700,0.150|0|0.00,0.00,0.00|Aluminum~beam|0.000,0.700,-0.250|90|0.00,0.00,0.00|Aluminum~beam|-0.450,0.700,-0.150|270|0.00,0.00,0.00|Aluminum~beam|0.450,0.700,-0.150|270|0.00,0.00,0.00|Aluminum~beam|0.000,0.700,0.450|0|0.00,0.00,0.00|Aluminum~wheel|0.620,0.700,0.000|90|1.00,0.00,0.00|Rubber~wheel|-0.620,0.700,0.000|90|-1.00,0.00,0.00|Rubber~battery|0.000,0.975,0.000|0|0.00,0.00,0.00|Aluminum~beam|0.000,0.700,-0.650|0|0.00,0.00,0.00|Steel~wheel|0.170,0.700,-0.800|0|1.00,0.00,0.00|Rubber~wheel|-0.170,0.700,-0.800|0|-1.00,0.00,0.00|Rubber~pivot|0.000,0.700,0.900|0|1.00,0.00,0.00|Aluminum~wedge|0.000,0.700,1.225|0|0.00,0.00,1.00|ABS
@@
FLIPPER|ripper|-|charge|core|0.000,0.700,0.000|0|0.00,0.00,0.00|Aluminum~beam|-0.250,0.700,0.150|0|0.00,0.00,0.00|Aluminum~beam|0.250,0.700,0.150|0|0.00,0.00,0.00|Aluminum~beam|0.000,0.700,-0.250|90|0.00,0.00,0.00|Aluminum~beam|-0.450,0.700,-0.150|270|0.00,0.00,0.00|Aluminum~beam|0.450,0.700,-0.150|270|0.00,0.00,0.00|Aluminum~beam|0.000,0.700,0.450|0|0.00,0.00,0.00|Aluminum~wheel|0.620,0.700,0.000|90|1.00,0.00,0.00|Rubber~wheel|-0.620,0.700,0.000|90|-1.00,0.00,0.00|Rubber~battery|0.000,0.975,0.000|0|0.00,0.00,0.00|Aluminum~beam|0.000,0.700,-0.650|0|0.00,0.00,0.00|Steel~wheel|0.170,0.700,-0.800|0|1.00,0.00,0.00|Rubber~wheel|-0.170,0.700,-0.800|0|-1.00,0.00,0.00|Rubber~pivot|0.000,0.700,0.900|0|1.00,0.00,0.00|Aluminum~wedge|0.000,0.700,1.225|0|0.00,0.00,1.00|ABS
@@
FLIPPER|widowmaker|-|charge|core|0.000,0.700,0.000|0|0.00,0.00,0.00|Aluminum~beam|-0.250,0.700,0.150|0|0.00,0.00,0.00|Aluminum~beam|0.250,0.700,0.150|0|0.00,0.00,0.00|Aluminum~beam|0.000,0.700,-0.250|90|0.00,0.00,0.00|Aluminum~beam|-0.450,0.700,-0.150|270|0.00,0.00,0.00|Aluminum~beam|0.450,0.700,-0.150|270|0.00,0.00,0.00|Aluminum~beam|0.000,0.700,0.450|0|0.00,0.00,0.00|Aluminum~wheel|0.620,0.700,0.000|90|1.00,0.00,0.00|Rubber~wheel|-0.620,0.700,0.000|90|-1.00,0.00,0.00|Rubber~battery|0.000,0.975,0.000|0|0.00,0.00,0.00|Aluminum~beam|0.000,0.700,-0.650|0|0.00,0.00,0.00|Steel~wheel|0.170,0.700,-0.800|0|1.00,0.00,0.00|Rubber~wheel|-0.170,0.700,-0.800|0|-1.00,0.00,0.00|Rubber~pivot|0.000,0.700,0.900|0|1.00,0.00,0.00|Aluminum~wedge|0.000,0.700,1.225|0|0.00,0.00,1.00|ABS
@@
DISC_Z|mauler|-|charge|core|0.000,0.700,0.000|0|0.00,0.00,0.00|Aluminum~beam|-0.250,0.700,0.150|0|0.00,0.00,0.00|Aluminum~beam|0.250,0.700,0.150|0|0.00,0.00,0.00|Aluminum~beam|0.000,0.700,-0.250|90|0.00,0.00,0.00|Aluminum~beam|-0.450,0.700,-0.150|270|0.00,0.00,0.00|Aluminum~beam|0.450,0.700,-0.150|270|0.00,0.00,0.00|Aluminum~beam|0.000,0.700,0.450|0|0.00,0.00,0.00|Aluminum~wheel|0.620,0.700,0.000|90|1.00,0.00,0.00|Rubber~wheel|-0.620,0.700,0.000|90|-1.00,0.00,0.00|Rubber~battery|0.000,0.975,0.000|0|0.00,0.00,0.00|Aluminum~beam|0.000,0.700,-0.650|0|0.00,0.00,0.00|Steel~wheel|0.170,0.700,-0.800|0|1.00,0.00,0.00|Rubber~wheel|-0.170,0.700,-0.800|0|-1.00,0.00,0.00|Rubber~spindle|0.000,0.700,0.900|0|0.00,0.00,1.00|Aluminum~spinner|0.000,0.700,1.100|0|0.00,0.00,1.00|Steel
@@
DISC_Z|ripper|-|charge|core|0.000,0.700,0.000|0|0.00,0.00,0.00|Aluminum~beam|-0.250,0.700,0.150|0|0.00,0.00,0.00|Aluminum~beam|0.250,0.700,0.150|0|0.00,0.00,0.00|Aluminum~beam|0.000,0.700,-0.250|90|0.00,0.00,0.00|Aluminum~beam|-0.450,0.700,-0.150|270|0.00,0.00,0.00|Aluminum~beam|0.450,0.700,-0.150|270|0.00,0.00,0.00|Aluminum~beam|0.000,0.700,0.450|0|0.00,0.00,0.00|Aluminum~wheel|0.620,0.700,0.000|90|1.00,0.00,0.00|Rubber~wheel|-0.620,0.700,0.000|90|-1.00,0.00,0.00|Rubber~battery|0.000,0.975,0.000|0|0.00,0.00,0.00|Aluminum~beam|0.000,0.700,-0.650|0|0.00,0.00,0.00|Steel~wheel|0.170,0.700,-0.800|0|1.00,0.00,0.00|Rubber~wheel|-0.170,0.700,-0.800|0|-1.00,0.00,0.00|Rubber~spindle|0.000,0.700,0.900|0|0.00,0.00,1.00|Aluminum~spinner|0.000,0.700,1.100|0|0.00,0.00,1.00|Steel
@@
DISC_Z|widowmaker|-|charge|core|0.000,0.700,0.000|0|0.00,0.00,0.00|Aluminum~beam|-0.250,0.700,0.150|0|0.00,0.00,0.00|Aluminum~beam|0.250,0.700,0.150|0|0.00,0.00,0.00|Aluminum~beam|0.000,0.700,-0.250|90|0.00,0.00,0.00|Aluminum~beam|-0.450,0.700,-0.150|270|0.00,0.00,0.00|Aluminum~beam|0.450,0.700,-0.150|270|0.00,0.00,0.00|Aluminum~beam|0.000,0.700,0.450|0|0.00,0.00,0.00|Aluminum~wheel|0.620,0.700,0.000|90|1.00,0.00,0.00|Rubber~wheel|-0.620,0.700,0.000|90|-1.00,0.00,0.00|Rubber~battery|0.000,0.975,0.000|0|0.00,0.00,0.00|Aluminum~beam|0.000,0.700,-0.650|0|0.00,0.00,0.00|Steel~wheel|0.170,0.700,-0.800|0|1.00,0.00,0.00|Rubber~wheel|-0.170,0.700,-0.800|0|-1.00,0.00,0.00|Rubber~spindle|0.000,0.700,0.900|0|0.00,0.00,1.00|Aluminum~spinner|0.000,0.700,1.100|0|0.00,0.00,1.00|Steel
@@
SAW_Z|mauler|-|charge|core|0.000,0.700,0.000|0|0.00,0.00,0.00|Aluminum~beam|-0.250,0.700,0.150|0|0.00,0.00,0.00|Aluminum~beam|0.250,0.700,0.150|0|0.00,0.00,0.00|Aluminum~beam|0.000,0.700,-0.250|90|0.00,0.00,0.00|Aluminum~beam|-0.450,0.700,-0.150|270|0.00,0.00,0.00|Aluminum~beam|0.450,0.700,-0.150|270|0.00,0.00,0.00|Aluminum~beam|0.000,0.700,0.450|0|0.00,0.00,0.00|Aluminum~wheel|0.620,0.700,0.000|90|1.00,0.00,0.00|Rubber~wheel|-0.620,0.700,0.000|90|-1.00,0.00,0.00|Rubber~battery|0.000,0.975,0.000|0|0.00,0.00,0.00|Aluminum~beam|0.000,0.700,-0.650|0|0.00,0.00,0.00|Steel~wheel|0.170,0.700,-0.800|0|1.00,0.00,0.00|Rubber~wheel|-0.170,0.700,-0.800|0|-1.00,0.00,0.00|Rubber~spindle|0.000,0.700,0.900|0|0.00,0.00,1.00|Aluminum~spinnerSaw|0.000,0.700,1.080|0|0.00,0.00,1.00|Steel
@@
SAW_Z|ripper|-|charge|core|0.000,0.700,0.000|0|0.00,0.00,0.00|Aluminum~beam|-0.250,0.700,0.150|0|0.00,0.00,0.00|Aluminum~beam|0.250,0.700,0.150|0|0.00,0.00,0.00|Aluminum~beam|0.000,0.700,-0.250|90|0.00,0.00,0.00|Aluminum~beam|-0.450,0.700,-0.150|270|0.00,0.00,0.00|Aluminum~beam|0.450,0.700,-0.150|270|0.00,0.00,0.00|Aluminum~beam|0.000,0.700,0.450|0|0.00,0.00,0.00|Aluminum~wheel|0.620,0.700,0.000|90|1.00,0.00,0.00|Rubber~wheel|-0.620,0.700,0.000|90|-1.00,0.00,0.00|Rubber~battery|0.000,0.975,0.000|0|0.00,0.00,0.00|Aluminum~beam|0.000,0.700,-0.650|0|0.00,0.00,0.00|Steel~wheel|0.170,0.700,-0.800|0|1.00,0.00,0.00|Rubber~wheel|-0.170,0.700,-0.800|0|-1.00,0.00,0.00|Rubber~spindle|0.000,0.700,0.900|0|0.00,0.00,1.00|Aluminum~spinnerSaw|0.000,0.700,1.080|0|0.00,0.00,1.00|Steel
@@
SAW_Z|widowmaker|-|charge|core|0.000,0.700,0.000|0|0.00,0.00,0.00|Aluminum~beam|-0.250,0.700,0.150|0|0.00,0.00,0.00|Aluminum~beam|0.250,0.700,0.150|0|0.00,0.00,0.00|Aluminum~beam|0.000,0.700,-0.250|90|0.00,0.00,0.00|Aluminum~beam|-0.450,0.700,-0.150|270|0.00,0.00,0.00|Aluminum~beam|0.450,0.700,-0.150|270|0.00,0.00,0.00|Aluminum~beam|0.000,0.700,0.450|0|0.00,0.00,0.00|Aluminum~wheel|0.620,0.700,0.000|90|1.00,0.00,0.00|Rubber~wheel|-0.620,0.700,0.000|90|-1.00,0.00,0.00|Rubber~battery|0.000,0.975,0.000|0|0.00,0.00,0.00|Aluminum~beam|0.000,0.700,-0.650|0|0.00,0.00,0.00|Steel~wheel|0.170,0.700,-0.800|0|1.00,0.00,0.00|Rubber~wheel|-0.170,0.700,-0.800|0|-1.00,0.00,0.00|Rubber~spindle|0.000,0.700,0.900|0|0.00,0.00,1.00|Aluminum~spinnerSaw|0.000,0.700,1.080|0|0.00,0.00,1.00|Steel
@@
HAMMER|mauler|-|charge|core|0.000,0.700,0.000|0|0.00,0.00,0.00|Aluminum~beam|-0.250,0.700,0.150|0|0.00,0.00,0.00|Aluminum~beam|0.250,0.700,0.150|0|0.00,0.00,0.00|Aluminum~beam|0.000,0.700,-0.250|90|0.00,0.00,0.00|Aluminum~beam|-0.450,0.700,-0.150|270|0.00,0.00,0.00|Aluminum~beam|0.450,0.700,-0.150|270|0.00,0.00,0.00|Aluminum~beam|0.000,0.700,0.450|0|0.00,0.00,0.00|Aluminum~wheel|0.620,0.700,0.000|90|1.00,0.00,0.00|Rubber~wheel|-0.620,0.700,0.000|90|-1.00,0.00,0.00|Rubber~battery|0.000,0.975,0.000|0|0.00,0.00,0.00|Aluminum~beam|0.000,0.700,-0.650|0|0.00,0.00,0.00|Steel~wheel|0.170,0.700,-0.800|0|1.00,0.00,0.00|Rubber~wheel|-0.170,0.700,-0.800|0|-1.00,0.00,0.00|Rubber~pivot|0.000,0.950,0.450|0|0.00,1.00,0.00|Aluminum~beam|0.000,0.950,0.900|0|0.00,0.00,0.00|Aluminum~blade|0.000,0.950,1.260|0|0.00,0.00,1.00|Steel
@@
HAMMER|ripper|-|charge|core|0.000,0.700,0.000|0|0.00,0.00,0.00|Aluminum~beam|-0.250,0.700,0.150|0|0.00,0.00,0.00|Aluminum~beam|0.250,0.700,0.150|0|0.00,0.00,0.00|Aluminum~beam|0.000,0.700,-0.250|90|0.00,0.00,0.00|Aluminum~beam|-0.450,0.700,-0.150|270|0.00,0.00,0.00|Aluminum~beam|0.450,0.700,-0.150|270|0.00,0.00,0.00|Aluminum~beam|0.000,0.700,0.450|0|0.00,0.00,0.00|Aluminum~wheel|0.620,0.700,0.000|90|1.00,0.00,0.00|Rubber~wheel|-0.620,0.700,0.000|90|-1.00,0.00,0.00|Rubber~battery|0.000,0.975,0.000|0|0.00,0.00,0.00|Aluminum~beam|0.000,0.700,-0.650|0|0.00,0.00,0.00|Steel~wheel|0.170,0.700,-0.800|0|1.00,0.00,0.00|Rubber~wheel|-0.170,0.700,-0.800|0|-1.00,0.00,0.00|Rubber~pivot|0.000,0.950,0.450|0|0.00,1.00,0.00|Aluminum~beam|0.000,0.950,0.900|0|0.00,0.00,0.00|Aluminum~blade|0.000,0.950,1.260|0|0.00,0.00,1.00|Steel
@@
HAMMER|widowmaker|-|charge|core|0.000,0.700,0.000|0|0.00,0.00,0.00|Aluminum~beam|-0.250,0.700,0.150|0|0.00,0.00,0.00|Aluminum~beam|0.250,0.700,0.150|0|0.00,0.00,0.00|Aluminum~beam|0.000,0.700,-0.250|90|0.00,0.00,0.00|Aluminum~beam|-0.450,0.700,-0.150|270|0.00,0.00,0.00|Aluminum~beam|0.450,0.700,-0.150|270|0.00,0.00,0.00|Aluminum~beam|0.000,0.700,0.450|0|0.00,0.00,0.00|Aluminum~wheel|0.620,0.700,0.000|90|1.00,0.00,0.00|Rubber~wheel|-0.620,0.700,0.000|90|-1.00,0.00,0.00|Rubber~battery|0.000,0.975,0.000|0|0.00,0.00,0.00|Aluminum~beam|0.000,0.700,-0.650|0|0.00,0.00,0.00|Steel~wheel|0.170,0.700,-0.800|0|1.00,0.00,0.00|Rubber~wheel|-0.170,0.700,-0.800|0|-1.00,0.00,0.00|Rubber~pivot|0.000,0.950,0.450|0|0.00,1.00,0.00|Aluminum~beam|0.000,0.950,0.900|0|0.00,0.00,0.00|Aluminum~blade|0.000,0.950,1.260|0|0.00,0.00,1.00|Steel
@@
DISCPIVOT|mauler|-|charge|core|0.000,0.700,0.000|0|0.00,0.00,0.00|Aluminum~beam|-0.250,0.700,0.150|0|0.00,0.00,0.00|Aluminum~beam|0.250,0.700,0.150|0|0.00,0.00,0.00|Aluminum~beam|0.000,0.700,-0.250|90|0.00,0.00,0.00|Aluminum~beam|-0.450,0.700,-0.150|270|0.00,0.00,0.00|Aluminum~beam|0.450,0.700,-0.150|270|0.00,0.00,0.00|Aluminum~beam|0.000,0.700,0.450|0|0.00,0.00,0.00|Aluminum~wheel|0.620,0.700,0.000|90|1.00,0.00,0.00|Rubber~wheel|-0.620,0.700,0.000|90|-1.00,0.00,0.00|Rubber~battery|0.000,0.975,0.000|0|0.00,0.00,0.00|Aluminum~beam|0.000,0.700,-0.650|0|0.00,0.00,0.00|Steel~wheel|0.170,0.700,-0.800|0|1.00,0.00,0.00|Rubber~wheel|-0.170,0.700,-0.800|0|-1.00,0.00,0.00|Rubber~pivot|0.000,0.950,0.450|0|0.00,1.00,0.00|Aluminum~beam|0.000,0.950,0.900|0|0.00,0.00,0.00|Aluminum~spinner|0.000,0.950,1.250|0|0.00,0.00,1.00|Steel
@@
DISCPIVOT|ripper|-|charge|core|0.000,0.700,0.000|0|0.00,0.00,0.00|Aluminum~beam|-0.250,0.700,0.150|0|0.00,0.00,0.00|Aluminum~beam|0.250,0.700,0.150|0|0.00,0.00,0.00|Aluminum~beam|0.000,0.700,-0.250|90|0.00,0.00,0.00|Aluminum~beam|-0.450,0.700,-0.150|270|0.00,0.00,0.00|Aluminum~beam|0.450,0.700,-0.150|270|0.00,0.00,0.00|Aluminum~beam|0.000,0.700,0.450|0|0.00,0.00,0.00|Aluminum~wheel|0.620,0.700,0.000|90|1.00,0.00,0.00|Rubber~wheel|-0.620,0.700,0.000|90|-1.00,0.00,0.00|Rubber~battery|0.000,0.975,0.000|0|0.00,0.00,0.00|Aluminum~beam|0.000,0.700,-0.650|0|0.00,0.00,0.00|Steel~wheel|0.170,0.700,-0.800|0|1.00,0.00,0.00|Rubber~wheel|-0.170,0.700,-0.800|0|-1.00,0.00,0.00|Rubber~pivot|0.000,0.950,0.450|0|0.00,1.00,0.00|Aluminum~beam|0.000,0.950,0.900|0|0.00,0.00,0.00|Aluminum~spinner|0.000,0.950,1.250|0|0.00,0.00,1.00|Steel
@@
DISCPIVOT|widowmaker|-|charge|core|0.000,0.700,0.000|0|0.00,0.00,0.00|Aluminum~beam|-0.250,0.700,0.150|0|0.00,0.00,0.00|Aluminum~beam|0.250,0.700,0.150|0|0.00,0.00,0.00|Aluminum~beam|0.000,0.700,-0.250|90|0.00,0.00,0.00|Aluminum~beam|-0.450,0.700,-0.150|270|0.00,0.00,0.00|Aluminum~beam|0.450,0.700,-0.150|270|0.00,0.00,0.00|Aluminum~beam|0.000,0.700,0.450|0|0.00,0.00,0.00|Aluminum~wheel|0.620,0.700,0.000|90|1.00,0.00,0.00|Rubber~wheel|-0.620,0.700,0.000|90|-1.00,0.00,0.00|Rubber~battery|0.000,0.975,0.000|0|0.00,0.00,0.00|Aluminum~beam|0.000,0.700,-0.650|0|0.00,0.00,0.00|Steel~wheel|0.170,0.700,-0.800|0|1.00,0.00,0.00|Rubber~wheel|-0.170,0.700,-0.800|0|-1.00,0.00,0.00|Rubber~pivot|0.000,0.950,0.450|0|0.00,1.00,0.00|Aluminum~beam|0.000,0.950,0.900|0|0.00,0.00,0.00|Aluminum~spinner|0.000,0.950,1.250|0|0.00,0.00,1.00|Steel
@@
THRUSTER|mauler|-|charge|core|0.000,0.700,0.000|0|0.00,0.00,0.00|Aluminum~beam|-0.250,0.700,0.150|0|0.00,0.00,0.00|Aluminum~beam|0.250,0.700,0.150|0|0.00,0.00,0.00|Aluminum~beam|0.000,0.700,-0.250|90|0.00,0.00,0.00|Aluminum~beam|-0.450,0.700,-0.150|270|0.00,0.00,0.00|Aluminum~beam|0.450,0.700,-0.150|270|0.00,0.00,0.00|Aluminum~beam|0.000,0.700,0.450|0|0.00,0.00,0.00|Aluminum~wheel|0.620,0.700,0.000|90|1.00,0.00,0.00|Rubber~wheel|-0.620,0.700,0.000|90|-1.00,0.00,0.00|Rubber~battery|0.000,0.975,0.000|0|0.00,0.00,0.00|Aluminum~beam|0.000,0.700,-0.650|0|0.00,0.00,0.00|Steel~wheel|0.170,0.700,-0.800|0|1.00,0.00,0.00|Rubber~wheel|-0.170,0.700,-0.800|0|-1.00,0.00,0.00|Rubber~ram|0.000,0.700,0.900|0|0.00,0.00,1.00|Aluminum~spike|0.000,0.700,1.200|0|0.00,0.00,1.00|Steel
@@
THRUSTER|ripper|-|charge|core|0.000,0.700,0.000|0|0.00,0.00,0.00|Aluminum~beam|-0.250,0.700,0.150|0|0.00,0.00,0.00|Aluminum~beam|0.250,0.700,0.150|0|0.00,0.00,0.00|Aluminum~beam|0.000,0.700,-0.250|90|0.00,0.00,0.00|Aluminum~beam|-0.450,0.700,-0.150|270|0.00,0.00,0.00|Aluminum~beam|0.450,0.700,-0.150|270|0.00,0.00,0.00|Aluminum~beam|0.000,0.700,0.450|0|0.00,0.00,0.00|Aluminum~wheel|0.620,0.700,0.000|90|1.00,0.00,0.00|Rubber~wheel|-0.620,0.700,0.000|90|-1.00,0.00,0.00|Rubber~battery|0.000,0.975,0.000|0|0.00,0.00,0.00|Aluminum~beam|0.000,0.700,-0.650|0|0.00,0.00,0.00|Steel~wheel|0.170,0.700,-0.800|0|1.00,0.00,0.00|Rubber~wheel|-0.170,0.700,-0.800|0|-1.00,0.00,0.00|Rubber~ram|0.000,0.700,0.900|0|0.00,0.00,1.00|Aluminum~spike|0.000,0.700,1.200|0|0.00,0.00,1.00|Steel
@@
THRUSTER|widowmaker|-|charge|core|0.000,0.700,0.000|0|0.00,0.00,0.00|Aluminum~beam|-0.250,0.700,0.150|0|0.00,0.00,0.00|Aluminum~beam|0.250,0.700,0.150|0|0.00,0.00,0.00|Aluminum~beam|0.000,0.700,-0.250|90|0.00,0.00,0.00|Aluminum~beam|-0.450,0.700,-0.150|270|0.00,0.00,0.00|Aluminum~beam|0.450,0.700,-0.150|270|0.00,0.00,0.00|Aluminum~beam|0.000,0.700,0.450|0|0.00,0.00,0.00|Aluminum~wheel|0.620,0.700,0.000|90|1.00,0.00,0.00|Rubber~wheel|-0.620,0.700,0.000|90|-1.00,0.00,0.00|Rubber~battery|0.000,0.975,0.000|0|0.00,0.00,0.00|Aluminum~beam|0.000,0.700,-0.650|0|0.00,0.00,0.00|Steel~wheel|0.170,0.700,-0.800|0|1.00,0.00,0.00|Rubber~wheel|-0.170,0.700,-0.800|0|-1.00,0.00,0.00|Rubber~ram|0.000,0.700,0.900|0|0.00,0.00,1.00|Aluminum~spike|0.000,0.700,1.200|0|0.00,0.00,1.00|Steel
