NOWEAP|core|0.000,0.700,0.000|0|0.00,0.00,0.00|Aluminum
beam|-0.250,0.700,0.150|0|0.00,0.00,0.00|Aluminum
beam|0.250,0.700,0.150|0|0.00,0.00,0.00|Aluminum
beam|0.000,0.700,-0.250|90|0.00,0.00,0.00|Aluminum
beam|-0.450,0.700,-0.150|270|0.00,0.00,0.00|Aluminum
beam|0.450,0.700,-0.150|270|0.00,0.00,0.00|Aluminum
beam|0.000,0.700,0.450|0|0.00,0.00,0.00|Aluminum
wheel|0.620,0.700,0.000|90|1.00,0.00,0.00|Rubber
wheel|-0.620,0.700,0.000|90|-1.00,0.00,0.00|Rubber
battery|0.000,0.975,0.000|0|0.00,0.00,0.00|Aluminum
beam|0.000,0.700,-0.650|0|0.00,0.00,0.00|Steel
wheel|0.170,0.700,-0.800|0|1.00,0.00,0.00|Rubber
wheel|-0.170,0.700,-0.800|0|-1.00,0.00,0.00|Rubber
@@
FIXSPIKE|core|0.000,0.700,0.000|0|0.00,0.00,0.00|Aluminum
beam|-0.250,0.700,0.150|0|0.00,0.00,0.00|Aluminum
beam|0.250,0.700,0.150|0|0.00,0.00,0.00|Aluminum
beam|0.000,0.700,-0.250|90|0.00,0.00,0.00|Aluminum
beam|-0.450,0.700,-0.150|270|0.00,0.00,0.00|Aluminum
beam|0.450,0.700,-0.150|270|0.00,0.00,0.00|Aluminum
beam|0.000,0.700,0.450|0|0.00,0.00,0.00|Aluminum
wheel|0.620,0.700,0.000|90|1.00,0.00,0.00|Rubber
wheel|-0.620,0.700,0.000|90|-1.00,0.00,0.00|Rubber
battery|0.000,0.975,0.000|0|0.00,0.00,0.00|Aluminum
beam|0.000,0.700,-0.650|0|0.00,0.00,0.00|Steel
wheel|0.170,0.700,-0.800|0|1.00,0.00,0.00|Rubber
wheel|-0.170,0.700,-0.800|0|-1.00,0.00,0.00|Rubber
spike|0.000,0.700,0.900|0|0.00,0.00,1.00|Steel
@@
FIXDISC|core|0.000,0.700,0.000|0|0.00,0.00,0.00|Aluminum
beam|-0.250,0.700,0.150|0|0.00,0.00,0.00|Aluminum
beam|0.250,0.700,0.150|0|0.00,0.00,0.00|Aluminum
beam|0.000,0.700,-0.250|90|0.00,0.00,0.00|Aluminum
beam|-0.450,0.700,-0.150|270|0.00,0.00,0.00|Aluminum
beam|0.450,0.700,-0.150|270|0.00,0.00,0.00|Aluminum
beam|0.000,0.700,0.450|0|0.00,0.00,0.00|Aluminum
wheel|0.620,0.700,0.000|90|1.00,0.00,0.00|Rubber
wheel|-0.620,0.700,0.000|90|-1.00,0.00,0.00|Rubber
battery|0.000,0.975,0.000|0|0.00,0.00,0.00|Aluminum
beam|0.000,0.700,-0.650|0|0.00,0.00,0.00|Steel
wheel|0.170,0.700,-0.800|0|1.00,0.00,0.00|Rubber
wheel|-0.170,0.700,-0.800|0|-1.00,0.00,0.00|Rubber
spinner|0.000,0.700,0.800|0|0.00,0.00,1.00|Steel
@@
DISC_Z|core|0.000,0.700,0.000|0|0.00,0.00,0.00|Aluminum
beam|-0.250,0.700,0.150|0|0.00,0.00,0.00|Aluminum
beam|0.250,0.700,0.150|0|0.00,0.00,0.00|Aluminum
beam|0.000,0.700,-0.250|90|0.00,0.00,0.00|Aluminum
beam|-0.450,0.700,-0.150|270|0.00,0.00,0.00|Aluminum
beam|0.450,0.700,-0.150|270|0.00,0.00,0.00|Aluminum
beam|0.000,0.700,0.450|0|0.00,0.00,0.00|Aluminum
wheel|0.620,0.700,0.000|90|1.00,0.00,0.00|Rubber
wheel|-0.620,0.700,0.000|90|-1.00,0.00,0.00|Rubber
battery|0.000,0.975,0.000|0|0.00,0.00,0.00|Aluminum
beam|0.000,0.700,-0.650|0|0.00,0.00,0.00|Steel
wheel|0.170,0.700,-0.800|0|1.00,0.00,0.00|Rubber
wheel|-0.170,0.700,-0.800|0|-1.00,0.00,0.00|Rubber
spindle|0.000,0.700,0.900|0|0.00,0.00,1.00|Aluminum
spinner|0.000,0.700,1.100|0|0.00,0.00,1.00|Steel
@@
SAW_Z|core|0.000,0.700,0.000|0|0.00,0.00,0.00|Aluminum
beam|-0.250,0.700,0.150|0|0.00,0.00,0.00|Aluminum
beam|0.250,0.700,0.150|0|0.00,0.00,0.00|Aluminum
beam|0.000,0.700,-0.250|90|0.00,0.00,0.00|Aluminum
beam|-0.450,0.700,-0.150|270|0.00,0.00,0.00|Aluminum
beam|0.450,0.700,-0.150|270|0.00,0.00,0.00|Aluminum
beam|0.000,0.700,0.450|0|0.00,0.00,0.00|Aluminum
wheel|0.620,0.700,0.000|90|1.00,0.00,0.00|Rubber
wheel|-0.620,0.700,0.000|90|-1.00,0.00,0.00|Rubber
battery|0.000,0.975,0.000|0|0.00,0.00,0.00|Aluminum
beam|0.000,0.700,-0.650|0|0.00,0.00,0.00|Steel
wheel|0.170,0.700,-0.800|0|1.00,0.00,0.00|Rubber
wheel|-0.170,0.700,-0.800|0|-1.00,0.00,0.00|Rubber
spindle|0.000,0.700,0.900|0|0.00,0.00,1.00|Aluminum
spinnerSaw|0.000,0.700,1.080|0|0.00,0.00,1.00|Steel
@@
COAX_V|core|0.000,0.700,0.000|0|0.00,0.00,0.00|Aluminum
beam|-0.250,0.700,0.150|0|0.00,0.00,0.00|Aluminum
beam|0.250,0.700,0.150|0|0.00,0.00,0.00|Aluminum
beam|0.000,0.700,-0.250|90|0.00,0.00,0.00|Aluminum
beam|-0.450,0.700,-0.150|270|0.00,0.00,0.00|Aluminum
beam|0.450,0.700,-0.150|270|0.00,0.00,0.00|Aluminum
beam|0.000,0.700,0.450|0|0.00,0.00,0.00|Aluminum
wheel|0.620,0.700,0.000|90|1.00,0.00,0.00|Rubber
wheel|-0.620,0.700,0.000|90|-1.00,0.00,0.00|Rubber
battery|0.000,0.975,0.000|0|0.00,0.00,0.00|Aluminum
beam|0.000,0.700,-0.650|0|0.00,0.00,0.00|Steel
wheel|0.170,0.700,-0.800|0|1.00,0.00,0.00|Rubber
wheel|-0.170,0.700,-0.800|0|-1.00,0.00,0.00|Rubber
spindle|0.000,0.950,0.450|0|0.00,1.00,0.00|Aluminum
spinner|0.000,1.150,0.450|0|0.00,1.00,0.00|Steel
@@
SAW_V|core|0.000,0.700,0.000|0|0.00,0.00,0.00|Aluminum
beam|-0.250,0.700,0.150|0|0.00,0.00,0.00|Aluminum
beam|0.250,0.700,0.150|0|0.00,0.00,0.00|Aluminum
beam|0.000,0.700,-0.250|90|0.00,0.00,0.00|Aluminum
beam|-0.450,0.700,-0.150|270|0.00,0.00,0.00|Aluminum
beam|0.450,0.700,-0.150|270|0.00,0.00,0.00|Aluminum
beam|0.000,0.700,0.450|0|0.00,0.00,0.00|Aluminum
wheel|0.620,0.700,0.000|90|1.00,0.00,0.00|Rubber
wheel|-0.620,0.700,0.000|90|-1.00,0.00,0.00|Rubber
battery|0.000,0.975,0.000|0|0.00,0.00,0.00|Aluminum
beam|0.000,0.700,-0.650|0|0.00,0.00,0.00|Steel
wheel|0.170,0.700,-0.800|0|1.00,0.00,0.00|Rubber
wheel|-0.170,0.700,-0.800|0|-1.00,0.00,0.00|Rubber
spindle|0.000,0.950,0.450|0|0.00,1.00,0.00|Aluminum
spinnerSaw|0.000,1.130,0.450|0|0.00,1.00,0.00|Steel
@@
FLAIL_V|core|0.000,0.700,0.000|0|0.00,0.00,0.00|Aluminum
beam|-0.250,0.700,0.150|0|0.00,0.00,0.00|Aluminum
beam|0.250,0.700,0.150|0|0.00,0.00,0.00|Aluminum
beam|0.000,0.700,-0.250|90|0.00,0.00,0.00|Aluminum
beam|-0.450,0.700,-0.150|270|0.00,0.00,0.00|Aluminum
beam|0.450,0.700,-0.150|270|0.00,0.00,0.00|Aluminum
beam|0.000,0.700,0.450|0|0.00,0.00,0.00|Aluminum
wheel|0.620,0.700,0.000|90|1.00,0.00,0.00|Rubber
wheel|-0.620,0.700,0.000|90|-1.00,0.00,0.00|Rubber
battery|0.000,0.975,0.000|0|0.00,0.00,0.00|Aluminum
beam|0.000,0.700,-0.650|0|0.00,0.00,0.00|Steel
wheel|0.170,0.700,-0.800|0|1.00,0.00,0.00|Rubber
wheel|-0.170,0.700,-0.800|0|-1.00,0.00,0.00|Rubber
spindle|0.000,0.950,0.450|0|0.00,1.00,0.00|Aluminum
spinner|0.000,0.950,0.650|0|0.00,0.00,1.00|Steel
@@
DRUM_V|core|0.000,0.700,0.000|0|0.00,0.00,0.00|Aluminum
beam|-0.250,0.700,0.150|0|0.00,0.00,0.00|Aluminum
beam|0.250,0.700,0.150|0|0.00,0.00,0.00|Aluminum
beam|0.000,0.700,-0.250|90|0.00,0.00,0.00|Aluminum
beam|-0.450,0.700,-0.150|270|0.00,0.00,0.00|Aluminum
beam|0.450,0.700,-0.150|270|0.00,0.00,0.00|Aluminum
beam|0.000,0.700,0.450|0|0.00,0.00,0.00|Aluminum
wheel|0.620,0.700,0.000|90|1.00,0.00,0.00|Rubber
wheel|-0.620,0.700,0.000|90|-1.00,0.00,0.00|Rubber
battery|0.000,0.975,0.000|0|0.00,0.00,0.00|Aluminum
beam|0.000,0.700,-0.650|0|0.00,0.00,0.00|Steel
wheel|0.170,0.700,-0.800|0|1.00,0.00,0.00|Rubber
wheel|-0.170,0.700,-0.800|0|-1.00,0.00,0.00|Rubber
spindle|0.000,0.950,0.450|0|0.00,1.00,0.00|Aluminum
beam|0.000,0.950,0.900|0|0.00,0.00,0.00|Aluminum
blade|0.000,0.950,1.260|0|0.00,0.00,1.00|Steel
@@
HAMMER|core|0.000,0.700,0.000|0|0.00,0.00,0.00|Aluminum
beam|-0.250,0.700,0.150|0|0.00,0.00,0.00|Aluminum
beam|0.250,0.700,0.150|0|0.00,0.00,0.00|Aluminum
beam|0.000,0.700,-0.250|90|0.00,0.00,0.00|Aluminum
beam|-0.450,0.700,-0.150|270|0.00,0.00,0.00|Aluminum
beam|0.450,0.700,-0.150|270|0.00,0.00,0.00|Aluminum
beam|0.000,0.700,0.450|0|0.00,0.00,0.00|Aluminum
wheel|0.620,0.700,0.000|90|1.00,0.00,0.00|Rubber
wheel|-0.620,0.700,0.000|90|-1.00,0.00,0.00|Rubber
battery|0.000,0.975,0.000|0|0.00,0.00,0.00|Aluminum
beam|0.000,0.700,-0.650|0|0.00,0.00,0.00|Steel
wheel|0.170,0.700,-0.800|0|1.00,0.00,0.00|Rubber
wheel|-0.170,0.700,-0.800|0|-1.00,0.00,0.00|Rubber
pivot|0.000,0.950,0.450|0|0.00,1.00,0.00|Aluminum
beam|0.000,0.950,0.900|0|0.00,0.00,0.00|Aluminum
blade|0.000,0.950,1.260|0|0.00,0.00,1.00|Steel
@@
THRUSTER|core|0.000,0.700,0.000|0|0.00,0.00,0.00|Aluminum
beam|-0.250,0.700,0.150|0|0.00,0.00,0.00|Aluminum
beam|0.250,0.700,0.150|0|0.00,0.00,0.00|Aluminum
beam|0.000,0.700,-0.250|90|0.00,0.00,0.00|Aluminum
beam|-0.450,0.700,-0.150|270|0.00,0.00,0.00|Aluminum
beam|0.450,0.700,-0.150|270|0.00,0.00,0.00|Aluminum
beam|0.000,0.700,0.450|0|0.00,0.00,0.00|Aluminum
wheel|0.620,0.700,0.000|90|1.00,0.00,0.00|Rubber
wheel|-0.620,0.700,0.000|90|-1.00,0.00,0.00|Rubber
battery|0.000,0.975,0.000|0|0.00,0.00,0.00|Aluminum
beam|0.000,0.700,-0.650|0|0.00,0.00,0.00|Steel
wheel|0.170,0.700,-0.800|0|1.00,0.00,0.00|Rubber
wheel|-0.170,0.700,-0.800|0|-1.00,0.00,0.00|Rubber
ram|0.000,0.700,0.900|0|0.00,0.00,1.00|Aluminum
spike|0.000,0.700,1.200|0|0.00,0.00,1.00|Steel
@@
FLIPPER|core|0.000,0.700,0.000|0|0.00,0.00,0.00|Aluminum
beam|-0.250,0.700,0.150|0|0.00,0.00,0.00|Aluminum
beam|0.250,0.700,0.150|0|0.00,0.00,0.00|Aluminum
beam|0.000,0.700,-0.250|90|0.00,0.00,0.00|Aluminum
beam|-0.450,0.700,-0.150|270|0.00,0.00,0.00|Aluminum
beam|0.450,0.700,-0.150|270|0.00,0.00,0.00|Aluminum
beam|0.000,0.700,0.450|0|0.00,0.00,0.00|Aluminum
wheel|0.620,0.700,0.000|90|1.00,0.00,0.00|Rubber
wheel|-0.620,0.700,0.000|90|-1.00,0.00,0.00|Rubber
battery|0.000,0.975,0.000|0|0.00,0.00,0.00|Aluminum
beam|0.000,0.700,-0.650|0|0.00,0.00,0.00|Steel
wheel|0.170,0.700,-0.800|0|1.00,0.00,0.00|Rubber
wheel|-0.170,0.700,-0.800|0|-1.00,0.00,0.00|Rubber
pivot|0.000,0.700,0.900|0|1.00,0.00,0.00|Aluminum
wedge|0.000,0.700,1.225|0|0.00,0.00,1.00|ABS
@@
DISCPIVOT|core|0.000,0.700,0.000|0|0.00,0.00,0.00|Aluminum
beam|-0.250,0.700,0.150|0|0.00,0.00,0.00|Aluminum
beam|0.250,0.700,0.150|0|0.00,0.00,0.00|Aluminum
beam|0.000,0.700,-0.250|90|0.00,0.00,0.00|Aluminum
beam|-0.450,0.700,-0.150|270|0.00,0.00,0.00|Aluminum
beam|0.450,0.700,-0.150|270|0.00,0.00,0.00|Aluminum
beam|0.000,0.700,0.450|0|0.00,0.00,0.00|Aluminum
wheel|0.620,0.700,0.000|90|1.00,0.00,0.00|Rubber
wheel|-0.620,0.700,0.000|90|-1.00,0.00,0.00|Rubber
battery|0.000,0.975,0.000|0|0.00,0.00,0.00|Aluminum
beam|0.000,0.700,-0.650|0|0.00,0.00,0.00|Steel
wheel|0.170,0.700,-0.800|0|1.00,0.00,0.00|Rubber
wheel|-0.170,0.700,-0.800|0|-1.00,0.00,0.00|Rubber
pivot|0.000,0.950,0.450|0|0.00,1.00,0.00|Aluminum
beam|0.000,0.950,0.900|0|0.00,0.00,0.00|Aluminum
spinner|0.000,0.950,1.250|0|0.00,0.00,1.00|Steel
