SCOUT|scout|-|afk|core|0.000,0.700,0.000|0|0.00,0.00,0.00|Aluminum~beam|-0.250,0.700,0.150|0|0.00,0.00,0.00|Aluminum~beam|0.250,0.700,0.150|0|0.00,0.00,0.00|Aluminum~beam|0.000,0.700,-0.250|90|0.00,0.00,0.00|Aluminum~beam|-0.450,0.700,-0.150|270|0.00,0.00,0.00|Aluminum~beam|0.450,0.700,-0.150|270|0.00,0.00,0.00|Aluminum~beam|0.000,0.700,0.450|0|0.00,0.00,0.00|Aluminum~wheel|0.620,0.700,0.000|90|1.00,0.00,0.00|Rubber~wheel|-0.620,0.700,0.000|90|-1.00,0.00,0.00|Rubber~battery|0.000,0.975,0.000|0|0.00,0.00,0.00|Aluminum~beam|0.000,0.700,-0.650|0|0.00,0.00,0.00|Steel~wheel|0.170,0.700,-0.800|0|1.00,0.00,0.00|Rubber~wheel|-0.170,0.700,-0.800|0|-1.00,0.00,0.00|Rubber
@@
TIPPER|tipper|-|afk|core|0.000,0.700,0.000|0|0.00,0.00,0.00|Aluminum~beam|-0.250,0.700,0.150|0|0.00,0.00,0.00|Aluminum~beam|0.250,0.700,0.150|0|0.00,0.00,0.00|Aluminum~beam|0.000,0.700,-0.250|90|0.00,0.00,0.00|Aluminum~beam|-0.450,0.700,-0.150|270|0.00,0.00,0.00|Aluminum~beam|0.450,0.700,-0.150|270|0.00,0.00,0.00|Aluminum~beam|0.000,0.700,0.450|0|0.00,0.00,0.00|Aluminum~wheel|0.620,0.700,0.000|90|1.00,0.00,0.00|Rubber~wheel|-0.620,0.700,0.000|90|-1.00,0.00,0.00|Rubber~battery|0.000,0.975,0.000|0|0.00,0.00,0.00|Aluminum~beam|0.000,0.700,-0.650|0|0.00,0.00,0.00|Steel~wheel|0.170,0.700,-0.800|0|1.00,0.00,0.00|Rubber~wheel|-0.170,0.700,-0.800|0|-1.00,0.00,0.00|Rubber
@@
MAULER|mauler|-|afk|core|0.000,0.700,0.000|0|0.00,0.00,0.00|Aluminum~beam|-0.250,0.700,0.150|0|0.00,0.00,0.00|Aluminum~beam|0.250,0.700,0.150|0|0.00,0.00,0.00|Aluminum~beam|0.000,0.700,-0.250|90|0.00,0.00,0.00|Aluminum~beam|-0.450,0.700,-0.150|270|0.00,0.00,0.00|Aluminum~beam|0.450,0.700,-0.150|270|0.00,0.00,0.00|Aluminum~beam|0.000,0.700,0.450|0|0.00,0.00,0.00|Aluminum~wheel|0.620,0.700,0.000|90|1.00,0.00,0.00|Rubber~wheel|-0.620,0.700,0.000|90|-1.00,0.00,0.00|Rubber~battery|0.000,0.975,0.000|0|0.00,0.00,0.00|Aluminum~beam|0.000,0.700,-0.650|0|0.00,0.00,0.00|Steel~wheel|0.170,0.700,-0.800|0|1.00,0.00,0.00|Rubber~wheel|-0.170,0.700,-0.800|0|-1.00,0.00,0.00|Rubber
@@
RIPPER|ripper|-|afk|core|0.000,0.700,0.000|0|0.00,0.00,0.00|Aluminum~beam|-0.250,0.700,0.150|0|0.00,0.00,0.00|Aluminum~beam|0.250,0.700,0.150|0|0.00,0.00,0.00|Aluminum~beam|0.000,0.700,-0.250|90|0.00,0.00,0.00|Aluminum~beam|-0.450,0.700,-0.150|270|0.00,0.00,0.00|Aluminum~beam|0.450,0.700,-0.150|270|0.00,0.00,0.00|Aluminum~beam|0.000,0.700,0.450|0|0.00,0.00,0.00|Aluminum~wheel|0.620,0.700,0.000|90|1.00,0.00,0.00|Rubber~wheel|-0.620,0.700,0.000|90|-1.00,0.00,0.00|Rubber~battery|0.000,0.975,0.000|0|0.00,0.00,0.00|Aluminum~beam|0.000,0.700,-0.650|0|0.00,0.00,0.00|Steel~wheel|0.170,0.700,-0.800|0|1.00,0.00,0.00|Rubber~wheel|-0.170,0.700,-0.800|0|-1.00,0.00,0.00|Rubber
@@
BULWARK|bulwark|-|afk|core|0.000,0.700,0.000|0|0.00,0.00,0.00|Aluminum~beam|-0.250,0.700,0.150|0|0.00,0.00,0.00|Aluminum~beam|0.250,0.700,0.150|0|0.00,0.00,0.00|Aluminum~beam|0.000,0.700,-0.250|90|0.00,0.00,0.00|Aluminum~beam|-0.450,0.700,-0.150|270|0.00,0.00,0.00|Aluminum~beam|0.450,0.700,-0.150|270|0.00,0.00,0.00|Aluminum~beam|0.000,0.700,0.450|0|0.00,0.00,0.00|Aluminum~wheel|0.620,0.700,0.000|90|1.00,0.00,0.00|Rubber~wheel|-0.620,0.700,0.000|90|-1.00,0.00,0.00|Rubber~battery|0.000,0.975,0.000|0|0.00,0.00,0.00|Aluminum~beam|0.000,0.700,-0.650|0|0.00,0.00,0.00|Steel~wheel|0.170,0.700,-0.800|0|1.00,0.00,0.00|Rubber~wheel|-0.170,0.700,-0.800|0|-1.00,0.00,0.00|Rubber
@@
WIDOWMAKER|widowmaker|-|afk|core|0.000,0.700,0.000|0|0.00,0.00,0.00|Aluminum~beam|-0.250,0.700,0.150|0|0.00,0.00,0.00|Aluminum~beam|0.250,0.700,0.150|0|0.00,0.00,0.00|Aluminum~beam|0.000,0.700,-0.250|90|0.00,0.00,0.00|Aluminum~beam|-0.450,0.700,-0.150|270|0.00,0.00,0.00|Aluminum~beam|0.450,0.700,-0.150|270|0.00,0.00,0.00|Aluminum~beam|0.000,0.700,0.450|0|0.00,0.00,0.00|Aluminum~wheel|0.620,0.700,0.000|90|1.00,0.00,0.00|Rubber~wheel|-0.620,0.700,0.000|90|-1.00,0.00,0.00|Rubber~battery|0.000,0.975,0.000|0|0.00,0.00,0.00|Aluminum~beam|0.000,0.700,-0.650|0|0.00,0.00,0.00|Steel~wheel|0.170,0.700,-0.800|0|1.00,0.00,0.00|Rubber~wheel|-0.170,0.700,-0.800|0|-1.00,0.00,0.00|Rubber
@@
CHG_MAULER_Roo|mauler|Rookie|charge|core|0.000,0.700,0.000|0|0.00,0.00,0.00|Aluminum~beam|-0.250,0.700,0.150|0|0.00,0.00,0.00|Aluminum~beam|0.250,0.700,0.150|0|0.00,0.00,0.00|Aluminum~beam|0.000,0.700,-0.250|90|0.00,0.00,0.00|Aluminum~beam|-0.450,0.700,-0.150|270|0.00,0.00,0.00|Aluminum~beam|0.450,0.700,-0.150|270|0.00,0.00,0.00|Aluminum~beam|0.000,0.700,0.450|0|0.00,0.00,0.00|Aluminum~wheel|0.620,0.700,0.000|90|1.00,0.00,0.00|Rubber~wheel|-0.620,0.700,0.000|90|-1.00,0.00,0.00|Rubber~battery|0.000,0.975,0.000|0|0.00,0.00,0.00|Aluminum~beam|0.000,0.700,-0.650|0|0.00,0.00,0.00|Steel~wheel|0.170,0.700,-0.800|0|1.00,0.00,0.00|Rubber~wheel|-0.170,0.700,-0.800|0|-1.00,0.00,0.00|Rubber
@@
CHG_MAULER_Vet|mauler|Veteran|charge|core|0.000,0.700,0.000|0|0.00,0.00,0.00|Aluminum~beam|-0.250,0.700,0.150|0|0.00,0.00,0.00|Aluminum~beam|0.250,0.700,0.150|0|0.00,0.00,0.00|Aluminum~beam|0.000,0.700,-0.250|90|0.00,0.00,0.00|Aluminum~beam|-0.450,0.700,-0.150|270|0.00,0.00,0.00|Aluminum~beam|0.450,0.700,-0.150|270|0.00,0.00,0.00|Aluminum~beam|0.000,0.700,0.450|0|0.00,0.00,0.00|Aluminum~wheel|0.620,0.700,0.000|90|1.00,0.00,0.00|Rubber~wheel|-0.620,0.700,0.000|90|-1.00,0.00,0.00|Rubber~battery|0.000,0.975,0.000|0|0.00,0.00,0.00|Aluminum~beam|0.000,0.700,-0.650|0|0.00,0.00,0.00|Steel~wheel|0.170,0.700,-0.800|0|1.00,0.00,0.00|Rubber~wheel|-0.170,0.700,-0.800|0|-1.00,0.00,0.00|Rubber
@@
CHG_MAULER_Cha|mauler|Champion|charge|core|0.000,0.700,0.000|0|0.00,0.00,0.00|Aluminum~beam|-0.250,0.700,0.150|0|0.00,0.00,0.00|Aluminum~beam|0.250,0.700,0.150|0|0.00,0.00,0.00|Aluminum~beam|0.000,0.700,-0.250|90|0.00,0.00,0.00|Aluminum~beam|-0.450,0.700,-0.150|270|0.00,0.00,0.00|Aluminum~beam|0.450,0.700,-0.150|270|0.00,0.00,0.00|Aluminum~beam|0.000,0.700,0.450|0|0.00,0.00,0.00|Aluminum~wheel|0.620,0.700,0.000|90|1.00,0.00,0.00|Rubber~wheel|-0.620,0.700,0.000|90|-1.00,0.00,0.00|Rubber~battery|0.000,0.975,0.000|0|0.00,0.00,0.00|Aluminum~beam|0.000,0.700,-0.650|0|0.00,0.00,0.00|Steel~wheel|0.170,0.700,-0.800|0|1.00,0.00,0.00|Rubber~wheel|-0.170,0.700,-0.800|0|-1.00,0.00,0.00|Rubber
